10477 20780
6456 3820
17655 2952
6222 7650
1293 18000
24955 17655
18453 9656
21281 19423
3534 4639
14542 22793
3372 12851
8879 20562
5065 15714
22887 4164
11472 7956
19645 15933
20108 4513
2741 11241
20574 12710
19961 14807
1023 15805
4511 2741
2952 21847
24955 19961
20108 12851
22887 23293
21012 14540
9249 20250
16654 21178
16654 19114
2952 12781
2774 20250
5131 6456
8727 12507
6830 22887
6340 17807
13482 22901
12851 12365
6868 3283
19423 20108
3651 19463
20511 339
25289 8072
624 2654
24706 23674
3387 832
13404 7023
3096 23967
13096 13142
10346 5078
9025 21824
25359 9639
6774 2980
6411 22369
2980 22457
16594 4164
1116 6305
914 1493
272 2912
20316 14870
25442 3386
10041 12781
10041 7956
9572 5555
9482 2741
22903 23674
8072 6907
24765 12135
13164 20774
3409 11148
950 6830
3372 13060
16976 5812
18286 3096
3858 23161
1014 25902
12406 18543
2404 14709
18585 13619
3618 21798
5695 14403
9017 20000
2846 9572
12938 13364
4273 6264
14870 7726
17286 17443
14430 18540
19297 4241
4673 10211
25439 6675
12722 24330
2287 25396
6154 10791
12654 9207
25006 4550
2404 14807
20108 11785
10310 13056
25354 7204
